
______________
Example 1:
True: 
(([0.1571762, 0.       , 0.8428238]), ([0.0830368, 0.9169632, 0.       ]))
(([0.       , 0.2225763, 0.7774237]), ([0.285456, 0.714544, 0.      ]))
(([0.       , 0.3600296, 0.6399704]), ([0.5482834, 0.       , 0.4517166]))

Predicted: 
[[[0.0786739 0.0710719 0.8502541]
  [0.1385334 0.8436666 0.0178001]]

 [[0.0286016 0.2457892 0.7256092]
  [0.5357878 0.2021123 0.2620999]]

 [[0.0364452 0.175668  0.7878867]
  [0.5195855 0.4274606 0.0529538]]

 [[0.0171473 0.1751016 0.8077512]
  [0.623309  0.2843302 0.0923608]]

 [[0.0157303 0.1603097 0.82396  ]
  [0.6215723 0.2831346 0.095293 ]]]

Loss: 0.0320603959262


______________
Example 2:
True: 
(([0.       , 0.3576741, 0.6423259]), ([0.       , 0.6449781, 0.3550219]))

Predicted: 
[[[1.7172819e-03 3.6538321e-01 6.3289946e-01]
  [8.5567636e-03 6.4689219e-01 3.4455109e-01]]

 [[5.7808525e-04 3.7010247e-01 6.2931943e-01]
  [5.0724787e-03 6.6986293e-01 3.2506454e-01]]

 [[1.4850842e-03 3.6635923e-01 6.3215566e-01]
  [7.3044011e-03 6.5364987e-01 3.3904567e-01]]

 [[1.4651803e-03 3.6525232e-01 6.3328248e-01]
  [6.5541398e-03 6.6054976e-01 3.3289608e-01]]

 [[1.3970232e-03 3.6701405e-01 6.3158894e-01]
  [5.8599161e-03 6.5565014e-01 3.3848998e-01]]]

Loss: 0.000183679454494


______________
Example 3:
True: 
(([0.1933448, 0.8066552, 0.       ]), ([0.8930655, 0.       , 0.1069345]))

Predicted: 
[[[1.9205238e-01 8.0764455e-01 3.0312818e-04]
  [9.4006479e-01 2.6702767e-03 5.7264939e-02]]

 [[1.7973906e-01 8.1993377e-01 3.2713191e-04]
  [9.3949229e-01 3.5398004e-03 5.6968018e-02]]

 [[1.8110506e-01 8.1868744e-01 2.0749951e-04]
  [9.5002514e-01 1.8639414e-03 4.8110988e-02]]

 [[1.7493086e-01 8.2407850e-01 9.9066575e-04]
  [9.3840021e-01 1.5102866e-03 6.0089491e-02]]

 [[1.7027065e-01 8.2837057e-01 1.3588137e-03]
  [9.4475436e-01 1.6798667e-03 5.3565733e-02]]]

Loss: 0.000974050024524


______________
Example 4:
True: 
(([0.1593491, 0.       , 0.8406509]), ([0.2586132, 0.7413868, 0.       ]))

Predicted: 
[[[0.1342722 0.0039169 0.8618109]
  [0.305786  0.6870039 0.0072102]]

 [[0.1382193 0.0062639 0.8555168]
  [0.3051769 0.6886131 0.0062101]]

 [[0.1459224 0.0018183 0.8522593]
  [0.3205476 0.6765918 0.0028606]]

 [[0.1367046 0.0033693 0.8599262]
  [0.3090023 0.6834292 0.0075685]]

 [[0.1386361 0.0034262 0.8579376]
  [0.3087133 0.6840735 0.0072132]]]

Loss: 0.00117160636


______________
Example 5:
True: 
(([0.7741803, 0.       , 0.2258197]), ([0.      , 0.286935, 0.713065]))

Predicted: 
[[[7.6961023e-01 3.3433398e-04 2.3005544e-01]
  [8.3401933e-04 3.0072248e-01 6.9844347e-01]]

 [[7.6838750e-01 6.0130458e-04 2.3101115e-01]
  [5.0890108e-04 2.9754272e-01 7.0194840e-01]]

 [[7.6952422e-01 1.2516604e-04 2.3035067e-01]
  [1.2778263e-03 2.9961398e-01 6.9910824e-01]]

 [[7.6956302e-01 2.9716373e-04 2.3013982e-01]
  [1.0034825e-03 2.9497838e-01 7.0401812e-01]]

 [[7.6828098e-01 3.5986269e-04 2.3135923e-01]
  [1.2359116e-03 2.9591513e-01 7.0284897e-01]]]

Loss: 5.25946088601e-05


______________
Example 6:
True: 
(([0.7079906, 0.       , 0.2920094]), ([0.3754522, 0.6245478, 0.       ]))

Predicted: 
[[[7.0912856e-01 3.6757419e-04 2.9050383e-01]
  [3.5412019e-01 6.4514744e-01 7.3239073e-04]]

 [[7.0959574e-01 1.0557720e-03 2.8934854e-01]
  [3.6193416e-01 6.3730550e-01 7.6042832e-04]]

 [[7.1408892e-01 1.9789886e-04 2.8571320e-01]
  [3.6166766e-01 6.3821959e-01 1.1276127e-04]]

 [[7.0603967e-01 4.5515166e-04 2.9350510e-01]
  [3.5841790e-01 6.4052397e-01 1.0581190e-03]]

 [[7.0711255e-01 4.4233579e-04 2.9244503e-01]
  [3.6113504e-01 6.3792163e-01 9.4335614e-04]]]

Loss: 0.000103372825834


______________
Example 7:
True: 
(([0.383865, 0.      , 0.616135]), ([0.      , 0.335118, 0.664882]))

Predicted: 
[[[0.3811571 0.0025427 0.6163002]
  [0.1017059 0.2463789 0.6519151]]

 [[0.3798995 0.0076433 0.6124572]
  [0.0625833 0.2762398 0.6611769]]

 [[0.3708544 0.001895  0.6272506]
  [0.0634104 0.2854129 0.6511766]]

 [[0.3722911 0.0031988 0.6245102]
  [0.0583786 0.2890393 0.6525822]]

 [[0.3746052 0.0032897 0.622105 ]
  [0.0548771 0.287903  0.6572199]]]

Loss: 0.00198603002355


______________
Example 8:
True: 
(([0.4633856, 0.5366144, 0.       ]), ([0.0097136, 0.       , 0.9902864]))
(([0.4238829, 0.       , 0.5761171]), ([0.7669503, 0.2330497, 0.       ]))
(([0.4698324, 0.4233318, 0.1068358]), ([0.2699472, 0.3030961, 0.4269567]))

Predicted: 
[[[0.6152276 0.3402921 0.0444804]
  [0.0811322 0.0723149 0.8465529]]

 [[0.3919656 0.1035954 0.504439 ]
  [0.6027017 0.2271023 0.170196 ]]

 [[0.395647  0.2643416 0.3400114]
  [0.4274729 0.2582058 0.3143213]]

 [[0.2950053 0.0760496 0.6289451]
  [0.5381621 0.3128188 0.1490192]]

 [[0.29414   0.0778847 0.6279753]
  [0.5456191 0.3099049 0.144476 ]]]

Loss: 0.02077806741


______________
Example 9:
True: 
(([0.2623493, 0.7376507, 0.       ]), ([0.737661, 0.      , 0.262339]))

Predicted: 
[[[2.8634521e-01 7.1313566e-01 5.1918370e-04]
  [7.0332885e-01 8.4689632e-04 2.9582423e-01]]

 [[2.8696305e-01 7.1253705e-01 4.9984601e-04]
  [7.2999960e-01 1.8075572e-03 2.6819283e-01]]

 [[2.9196107e-01 7.0772195e-01 3.1695759e-04]
  [7.2949970e-01 7.4167474e-04 2.6975864e-01]]

 [[2.9310471e-01 7.0558012e-01 1.3151426e-03]
  [7.1884602e-01 9.2328188e-04 2.8023070e-01]]

 [[2.9298249e-01 7.0552582e-01 1.4916756e-03]
  [7.1905774e-01 9.1915997e-04 2.8002313e-01]]]

Loss: 0.000400895427447


______________
Example 10:
True: 
(([0., 0., 1.]), ([0., 0., 1.]))

Predicted: 
[[[1.9009103e-05 1.4830327e-04 9.9983263e-01]
  [1.0294595e-04 9.1801194e-06 9.9988782e-01]]

 [[7.0143228e-06 5.2830856e-05 9.9994016e-01]
  [4.2680687e-05 9.9687213e-06 9.9994731e-01]]

 [[2.6072945e-05 2.2678183e-05 9.9995124e-01]
  [2.9698636e-05 8.9469186e-06 9.9996138e-01]]

 [[5.1119118e-06 1.3045000e-05 9.9998188e-01]
  [1.5419353e-05 8.1311791e-06 9.9997640e-01]]

 [[4.4772396e-06 2.6242626e-05 9.9996924e-01]
  [1.6147815e-05 6.8493837e-06 9.9997699e-01]]]

Loss: 6.2515903565e-09


______________
Example 11:
True: 
(([0.       , 0.7806895, 0.2193105]), ([0.       , 0.0371419, 0.9628581]))

Predicted: 
[[[7.8918546e-04 9.3854862e-01 6.0662095e-02]
  [9.1756263e-04 1.9595435e-02 9.7948700e-01]]

 [[2.2986681e-04 9.3990701e-01 5.9863020e-02]
  [3.0787996e-04 2.1557072e-02 9.7813499e-01]]

 [[6.1723345e-04 9.4334513e-01 5.6037612e-02]
  [8.5475057e-04 2.1931712e-02 9.7721350e-01]]

 [[3.2700048e-04 9.4866228e-01 5.1010646e-02]
  [3.8354544e-04 1.7370488e-02 9.8224592e-01]]

 [[2.7371541e-04 9.4555646e-01 5.4169897e-02]
  [5.0912483e-04 1.7463688e-02 9.8202723e-01]]]

Loss: 0.00899845547974


______________
Example 12:
True: 
(([0.407582, 0.592418, 0.      ]), ([0.       , 0.1000414, 0.8999586]))

Predicted: 
[[[4.5383960e-01 5.4466015e-01 1.5002205e-03]
  [1.8645484e-04 1.4783305e-01 8.5198045e-01]]

 [[4.3804041e-01 5.6071818e-01 1.2414032e-03]
  [2.9660057e-04 1.4135590e-01 8.5834754e-01]]

 [[4.4208100e-01 5.5710310e-01 8.1585190e-04]
  [4.4805856e-04 1.3583139e-01 8.6372060e-01]]

 [[4.4278514e-01 5.5493212e-01 2.2827750e-03]
  [2.9854392e-04 1.3655846e-01 8.6314303e-01]]

 [[4.4048035e-01 5.5610120e-01 3.4184973e-03]
  [5.2106415e-04 1.4410491e-01 8.5537404e-01]]]

Loss: 0.00117009226233


______________
Example 13:
True: 
(([0.9779393, 0.0220607, 0.       ]), ([0.       , 0.4326817, 0.5673183]))
(([0.  , 0.37, 0.63]), ([0.7369091, 0.2630909, 0.       ]))
(([0.4597512, 0.3187036, 0.2215452]), ([0.6951329, 0.07423  , 0.2306371]))

Predicted: 
[[[0.8832038 0.1124993 0.004297 ]
  [0.0942713 0.2893745 0.6163542]]

 [[0.0129339 0.237124  0.7499421]
  [0.8608043 0.1248409 0.0143547]]

 [[0.5665862 0.3218181 0.1115956]
  [0.5967207 0.1006962 0.3025831]]

 [[0.0289174 0.39659   0.5744926]
  [0.8257369 0.1242559 0.0500072]]

 [[0.0290798 0.3939915 0.5769287]
  [0.8239375 0.1223568 0.0537058]]]

Loss: 0.0096566285938


______________
Example 14:
True: 
(([0.3251459, 0.       , 0.6748541]), ([0.3587585, 0.       , 0.6412415]))

Predicted: 
[[[3.1413248e-01 1.2976975e-04 6.8573773e-01]
  [3.8979024e-01 2.4728535e-04 6.0996246e-01]]

 [[3.0323222e-01 2.9804074e-04 6.9646972e-01]
  [3.9282480e-01 5.4856774e-04 6.0662663e-01]]

 [[3.0301887e-01 1.6177657e-05 6.9696498e-01]
  [3.8295969e-01 1.1263478e-04 6.1692768e-01]]

 [[3.0204135e-01 2.4393339e-05 6.9793421e-01]
  [3.9823562e-01 1.6911654e-04 6.0159522e-01]]

 [[3.0077189e-01 1.8846833e-05 6.9920927e-01]
  [3.9804718e-01 1.9214200e-04 6.0176069e-01]]]

Loss: 0.000537084066309


______________
Example 15:
True: 
(([0.       , 0.3485705, 0.6514295]), ([0.5394389, 0.       , 0.4605611]))

Predicted: 
[[[0.037778  0.3562764 0.6059457]
  [0.5209889 0.002048  0.4769631]]

 [[0.0223279 0.3454194 0.6322528]
  [0.5574762 0.0021873 0.4403365]]

 [[0.0313128 0.3674211 0.6012661]
  [0.5213736 0.0011003 0.4775262]]

 [[0.0188508 0.3686354 0.6125139]
  [0.5336518 0.0014076 0.4649406]]

 [[0.0240465 0.36992   0.6060334]
  [0.533652  0.0017443 0.4646037]]]

Loss: 0.000506912474521


______________
Example 16:
True: 
(([0.6236968, 0.       , 0.3763032]), ([0.1597419, 0.       , 0.8402581]))

Predicted: 
[[[0.6137813 0.0040555 0.3821632]
  [0.1684975 0.0014486 0.8300539]]

 [[0.6248826 0.0047906 0.3703268]
  [0.1660425 0.0022146 0.8317429]]

 [[0.6220772 0.0013721 0.3765507]
  [0.1677223 0.0010004 0.8312774]]

 [[0.6196457 0.0012781 0.3790762]
  [0.1698571 0.0013236 0.8288193]]

 [[0.6248958 0.0009922 0.374112 ]
  [0.1705714 0.0012191 0.8282095]]]

Loss: 4.01577053708e-05


______________
Example 17:
True: 
(([0.1150006, 0.       , 0.8849994]), ([0.2198237, 0.7801763, 0.       ]))

Predicted: 
[[[8.5195698e-02 3.8568684e-04 9.1441858e-01]
  [2.8497499e-01 7.1484864e-01 1.7630251e-04]]

 [[8.3156899e-02 7.2209490e-04 9.1612107e-01]
  [2.7388164e-01 7.2589725e-01 2.2113470e-04]]

 [[8.3479464e-02 1.0193401e-04 9.1641861e-01]
  [2.5300288e-01 7.4696058e-01 3.6502504e-05]]

 [[8.4134474e-02 2.7993895e-04 9.1558558e-01]
  [2.5490630e-01 7.4469596e-01 3.9773399e-04]]

 [[9.2417814e-02 3.3275326e-04 9.0724945e-01]
  [2.5688779e-01 7.4272728e-01 3.8487709e-04]]]

Loss: 0.00117065850645


______________
Example 18:
True: 
(([0.2745494, 0.       , 0.7254506]), ([0.915897, 0.084103, 0.      ]))

Predicted: 
[[[2.0746012e-01 4.6019873e-04 7.9207969e-01]
  [8.7735486e-01 1.2021078e-01 2.4344379e-03]]

 [[2.0318620e-01 2.2692916e-03 7.9454446e-01]
  [8.7711477e-01 1.2077411e-01 2.1112028e-03]]

 [[1.8897675e-01 2.6553695e-04 8.1075776e-01]
  [8.7185925e-01 1.2742400e-01 7.1670313e-04]]

 [[2.0812578e-01 8.3393557e-04 7.9104030e-01]
  [8.7712163e-01 1.2024625e-01 2.6321125e-03]]

 [[2.0451184e-01 8.3581713e-04 7.9465240e-01]
  [8.7862223e-01 1.1858746e-01 2.7902909e-03]]]

Loss: 0.00249568000436


______________
Example 19:
True: 
(([0.1769854, 0.       , 0.8230146]), ([0.       , 0.8563079, 0.1436921]))

Predicted: 
[[[0.2096173 0.0276634 0.7627193]
  [0.0033068 0.8231674 0.1735258]]

 [[0.2219522 0.0131203 0.7649275]
  [0.0052434 0.7832857 0.2114708]]

 [[0.2344921 0.0091236 0.7563842]
  [0.0061998 0.8127245 0.1810756]]

 [[0.2236434 0.0106991 0.7656575]
  [0.0039619 0.819653  0.1763851]]

 [[0.2255654 0.0137719 0.7606627]
  [0.0049529 0.8076061 0.187441 ]]]

Loss: 0.00191557151265


______________
Example 20:
True: 
(([0.381802, 0.618198, 0.      ]), ([0.7484816, 0.       , 0.2515184]))

Predicted: 
[[[3.9847407e-01 6.0020310e-01 1.3228490e-03]
  [7.1076417e-01 8.2957037e-03 2.8094009e-01]]

 [[3.9347330e-01 6.0548002e-01 1.0466580e-03]
  [7.3609650e-01 6.4225029e-03 2.5748101e-01]]

 [[3.8576391e-01 6.1353123e-01 7.0480292e-04]
  [7.0562845e-01 4.1322219e-03 2.9023936e-01]]

 [[3.7404639e-01 6.2320721e-01 2.7464612e-03]
  [7.2182047e-01 4.2412356e-03 2.7393830e-01]]

 [[3.7269875e-01 6.2405068e-01 3.2505738e-03]
  [7.2088104e-01 4.3442380e-03 2.7477473e-01]]]

Loss: 0.000326667912304

